              precision    recall  f1-score   support

          TV       0.81      0.79      0.80        38
       after       0.43      0.43      0.43        35
    airplane       0.87      0.87      0.87        39
         all       0.67      0.46      0.55        39
   alligator       0.61      0.59      0.60        39
      animal       0.53      0.57      0.55        35
     another       0.62      0.70      0.66        37
         any       0.61      0.54      0.58        35
       apple       0.76      0.84      0.80        38
         arm       0.73      0.75      0.74        36
        aunt       0.82      0.79      0.81        39
       awake       0.58      0.17      0.27        40
    backyard       0.68      0.57      0.62        37
         bad       0.78      0.66      0.71        38
     balloon       0.73      0.69      0.71        39
        bath       0.58      0.63      0.60        35
     because       0.97      0.82      0.89        40
         bed       0.60      0.69      0.64        35
     bedroom       0.55      0.59      0.57        39
         bee       0.90      0.68      0.77        40
      before       0.57      0.49      0.52        35
      beside       0.21      0.29      0.24        31
      better       0.79      0.79      0.79        38
        bird       0.79      0.82      0.80        40
       black       0.82      0.82      0.82        39
        blow       0.80      0.82      0.81        39
        blue       0.72      0.72      0.72        36
        boat       0.50      0.41      0.45        37
        book       0.57      0.57      0.57        37
         boy       0.62      0.76      0.68        38
     brother       0.84      0.68      0.75        40
       brown       0.87      0.85      0.86        40
         bug       0.84      0.82      0.83        39
         bye       0.71      0.88      0.79        40
 callonphone       0.91      0.82      0.86        38
         can       0.62      0.62      0.62        37
         car       0.71      0.63      0.67        35
      carrot       0.75      0.62      0.68        39
         cat       0.54      0.62      0.58        40
      cereal       0.71      0.71      0.71        38
       chair       0.53      0.78      0.63        37
       cheek       0.57      0.54      0.56        37
       child       0.65      0.63      0.64        35
        chin       0.34      0.40      0.37        35
   chocolate       0.73      0.90      0.80        39
       clean       0.59      0.63      0.61        35
       close       0.42      0.43      0.43        37
      closet       0.86      0.82      0.84        39
       cloud       0.56      0.74      0.64        38
       clown       0.85      0.90      0.88        39
         cow       0.73      0.88      0.80        40
      cowboy       0.86      0.84      0.85        38
         cry       0.81      0.74      0.77        39
         cut       0.69      0.68      0.68        37
        cute       0.79      0.89      0.84        38
         dad       0.79      0.89      0.84        38
       dance       0.57      0.68      0.62        31
       dirty       0.75      0.67      0.71        36
         dog       0.55      0.74      0.63        38
        doll       0.76      0.95      0.84        40
      donkey       0.86      0.93      0.89        41
        down       0.64      0.70      0.67        33
      drawer       0.79      0.73      0.76        37
       drink       0.86      0.95      0.90        40
        drop       0.54      0.56      0.55        36
         dry       0.72      0.67      0.69        39
       dryer       0.79      0.51      0.62        37
        duck       0.76      0.83      0.79        41
         ear       0.70      0.77      0.73        39
    elephant       0.93      0.66      0.77        38
       empty       0.70      0.62      0.66        37
       every       0.66      0.68      0.67        37
         eye       0.57      0.59      0.58        39
        face       0.76      0.68      0.71        37
        fall       0.79      0.58      0.67        38
        farm       0.85      0.70      0.77        40
        fast       0.46      0.44      0.45        36
        feet       0.81      0.78      0.79        37
        find       0.81      0.88      0.84        40
        fine       0.60      0.78      0.67        36
      finger       0.59      0.50      0.54        38
      finish       0.78      0.79      0.78        39
     fireman       0.91      0.75      0.82        40
       first       0.86      0.93      0.89        40
        fish       0.56      0.39      0.46        38
        flag       0.70      0.59      0.64        39
      flower       0.90      0.88      0.89        40
        food       0.80      0.82      0.81        39
         for       0.85      0.87      0.86        38
 frenchfries       0.89      0.82      0.85        38
        frog       0.85      0.85      0.85        40
     garbage       0.85      0.76      0.80        37
        gift       0.56      0.72      0.63        39
     giraffe       0.77      0.71      0.74        38
        girl       0.65      0.74      0.69        38
        give       0.48      0.34      0.40        35
 glasswindow       0.74      0.59      0.66        39
          go       0.43      0.33      0.38        39
       goose       0.60      0.54      0.57        39
     grandma       0.65      0.53      0.58        38
     grandpa       0.79      0.77      0.78        39
       grass       0.97      0.77      0.86        39
       green       0.82      0.71      0.76        38
         gum       0.88      0.95      0.91        39
        hair       0.83      0.89      0.86        38
       happy       0.68      0.74      0.71        38
         hat       0.72      0.85      0.78        34
        hate       0.53      0.58      0.55        36
        have       0.66      0.62      0.64        34
      haveto       0.60      0.74      0.67        35
        head       0.75      0.85      0.80        39
        hear       0.60      0.61      0.60        41
  helicopter       0.71      0.58      0.64        38
       hello       0.74      0.67      0.70        39
         hen       0.78      0.76      0.77        38
     hesheit       0.59      0.56      0.57        36
        hide       0.55      0.58      0.57        36
        high       0.86      0.86      0.86        37
        home       0.73      0.88      0.80        40
       horse       0.82      0.92      0.87        39
         hot       0.85      0.76      0.81        38
      hungry       0.74      0.74      0.74        38
    icecream       0.79      0.75      0.77        40
          if       0.86      0.86      0.86        37
        into       0.45      0.58      0.51        36
      jacket       0.60      0.44      0.51        34
       jeans       0.57      0.45      0.50        38
        jump       0.71      0.53      0.61        38
        kiss       0.64      0.62      0.63        40
       kitty       0.66      0.54      0.59        39
        lamp       0.71      0.73      0.72        37
       later       0.76      0.84      0.80        38
        like       0.73      0.84      0.78        38
        lion       0.82      0.79      0.81        39
        lips       0.53      0.50      0.51        40
      listen       0.69      0.69      0.69        42
        look       0.71      0.54      0.61        41
        loud       0.67      0.62      0.64        39
         mad       0.73      0.77      0.75        39
        make       0.75      0.60      0.67        40
         man       0.64      0.74      0.69        39
        many       0.70      0.87      0.78        38
        milk       0.71      0.71      0.71        38
      minemy       0.71      0.76      0.73        38
      mitten       0.70      0.61      0.65        38
         mom       0.66      0.78      0.71        40
        moon       0.97      0.87      0.92        38
     morning       0.82      0.86      0.84        37
       mouse       0.82      0.76      0.78        41
       mouth       0.46      0.28      0.35        39
         nap       0.71      0.38      0.50        39
      napkin       0.79      0.57      0.67        40
       night       0.56      0.53      0.55        34
          no       0.51      0.76      0.61        37
       noisy       0.67      0.61      0.64        36
        nose       0.76      0.42      0.54        38
         not       0.63      0.63      0.63        38
         now       0.81      0.81      0.81        37
        nuts       0.60      0.68      0.64        40
         old       0.91      0.79      0.85        39
          on       0.51      0.62      0.56        37
        open       0.70      0.54      0.61        35
      orange       0.81      0.90      0.85        39
     outside       0.65      0.79      0.71        39
        owie       0.62      0.72      0.67        36
         owl       0.94      0.82      0.88        40
     pajamas       0.76      0.56      0.65        39
         pen       0.55      0.60      0.57        40
      pencil       0.57      0.54      0.55        39
       penny       0.56      0.62      0.59        39
      person       0.71      0.48      0.58        31
         pig       0.74      0.76      0.75        37
       pizza       0.83      0.88      0.85        40
      please       0.67      0.79      0.72        38
      police       0.74      0.72      0.73        39
        pool       0.70      0.58      0.64        36
       potty       0.64      0.66      0.65        35
     pretend       0.87      0.68      0.76        40
      pretty       0.76      0.67      0.71        39
       puppy       0.61      0.39      0.47        36
      puzzle       0.42      0.56      0.48        34
       quiet       0.62      0.67      0.64        36
       radio       0.80      0.82      0.81        39
        rain       0.66      0.66      0.66        38
        read       0.80      0.78      0.79        36
         red       0.66      0.61      0.63        38
refrigerator       0.55      0.61      0.58        36
        ride       0.55      0.51      0.53        35
        room       0.53      0.68      0.60        37
         sad       0.83      0.87      0.85        39
        same       0.60      0.71      0.65        38
         say       0.38      0.34      0.36        38
    scissors       0.56      0.65      0.60        37
         see       0.61      0.79      0.69        39
        shhh       0.90      0.90      0.90        41
       shirt       0.68      0.86      0.76        35
        shoe       0.71      0.81      0.75        36
      shower       0.72      0.89      0.80        37
        sick       0.89      0.87      0.88        38
       sleep       0.60      0.66      0.62        38
      sleepy       0.64      0.68      0.66        40
       smile       0.70      0.61      0.65        38
       snack       0.80      0.53      0.63        38
        snow       0.89      0.79      0.84        39
      stairs       0.78      0.76      0.77        38
        stay       0.56      0.63      0.59        38
      sticky       0.51      0.57      0.54        35
       store       0.82      0.76      0.79        37
       story       0.71      0.73      0.72        37
       stuck       0.86      0.91      0.89        35
         sun       0.76      0.74      0.75        39
       table       0.53      0.68      0.60        34
        talk       0.65      0.67      0.66        39
       taste       0.80      0.72      0.76        39
    thankyou       0.62      0.81      0.70        36
        that       0.76      0.58      0.66        38
       there       0.30      0.31      0.30        36
       think       0.72      0.70      0.71        40
     thirsty       0.57      0.81      0.67        36
       tiger       0.88      0.95      0.91        39
        time       0.69      0.81      0.74        36
    tomorrow       0.81      0.77      0.79        39
      tongue       0.36      0.43      0.39        37
       tooth       0.38      0.51      0.44        39
  toothbrush       0.72      0.72      0.72        40
       touch       0.75      0.65      0.70        37
         toy       0.78      0.82      0.79        38
        tree       0.63      0.68      0.66        38
       uncle       0.87      0.83      0.85        41
   underwear       0.81      0.68      0.74        37
          up       0.76      0.79      0.78        39
      vacuum       0.33      0.48      0.39        31
        wait       0.49      0.63      0.55        35
        wake       0.51      0.80      0.62        40
       water       0.94      0.89      0.92        38
         wet       0.59      0.45      0.51        38
        weus       0.77      0.65      0.71        37
       where       0.67      0.78      0.72        37
       white       0.74      0.84      0.78        37
         who       0.67      0.80      0.73        40
         why       0.88      0.61      0.72        36
        will       0.54      0.41      0.46        37
        wolf       0.86      0.77      0.81        39
      yellow       0.82      0.82      0.82        38
         yes       0.54      0.56      0.55        39
   yesterday       0.78      0.80      0.79        40
    yourself       0.76      0.66      0.70        38
       yucky       0.62      0.66      0.64        38
       zebra       0.71      0.65      0.68        37
      zipper       0.63      0.63      0.63        30

    accuracy                           0.69      9448
   macro avg       0.70      0.69      0.69      9448
weighted avg       0.70      0.69      0.69      9448
