              precision    recall  f1-score   support

          TV       0.71      0.71      0.71        38
       after       0.36      0.29      0.32        35
    airplane       0.87      0.87      0.87        39
         all       0.57      0.41      0.48        39
   alligator       0.55      0.56      0.56        39
      animal       0.56      0.43      0.48        35
     another       0.62      0.70      0.66        37
         any       0.75      0.60      0.67        35
       apple       0.75      0.71      0.73        38
         arm       0.54      0.69      0.61        36
        aunt       0.70      0.82      0.75        39
       awake       0.39      0.30      0.34        40
    backyard       0.56      0.41      0.47        37
         bad       0.81      0.66      0.72        38
     balloon       0.72      0.59      0.65        39
        bath       0.45      0.69      0.55        35
     because       0.85      0.85      0.85        40
         bed       0.71      0.77      0.74        35
     bedroom       0.67      0.51      0.58        39
         bee       0.79      0.65      0.71        40
      before       0.47      0.43      0.45        35
      beside       0.29      0.26      0.27        31
      better       0.66      0.66      0.66        38
        bird       0.64      0.80      0.71        40
       black       0.72      0.67      0.69        39
        blow       0.69      0.85      0.76        39
        blue       0.67      0.67      0.67        36
        boat       0.39      0.51      0.44        37
        book       0.41      0.49      0.44        37
         boy       0.79      0.68      0.73        38
     brother       0.83      0.62      0.71        40
       brown       0.79      0.85      0.82        40
         bug       0.78      0.82      0.80        39
         bye       0.56      0.82      0.67        40
 callonphone       0.80      0.87      0.84        38
         can       0.57      0.57      0.57        37
         car       0.60      0.51      0.55        35
      carrot       0.69      0.56      0.62        39
         cat       0.62      0.72      0.67        40
      cereal       0.63      0.63      0.63        38
       chair       0.40      0.49      0.44        37
       cheek       0.43      0.32      0.37        37
       child       0.45      0.43      0.44        35
        chin       0.33      0.26      0.29        35
   chocolate       0.58      0.74      0.65        39
       clean       0.42      0.57      0.48        35
       close       0.48      0.35      0.41        37
      closet       0.68      0.77      0.72        39
       cloud       0.51      0.61      0.55        38
       clown       0.79      0.87      0.83        39
         cow       0.89      0.80      0.84        40
      cowboy       0.78      0.76      0.77        38
         cry       0.67      0.56      0.61        39
         cut       0.53      0.57      0.55        37
        cute       0.76      0.82      0.78        38
         dad       0.76      0.84      0.80        38
       dance       0.53      0.77      0.63        31
       dirty       0.62      0.69      0.66        36
         dog       0.50      0.63      0.56        38
        doll       0.71      0.75      0.73        40
      donkey       0.85      0.85      0.85        41
        down       0.50      0.61      0.55        33
      drawer       0.69      0.65      0.67        37
       drink       0.79      0.85      0.82        40
        drop       0.62      0.50      0.55        36
         dry       0.62      0.67      0.64        39
       dryer       0.76      0.43      0.55        37
        duck       0.67      0.73      0.70        41
         ear       0.62      0.79      0.70        39
    elephant       0.64      0.55      0.59        38
       empty       0.68      0.57      0.62        37
       every       0.54      0.59      0.56        37
         eye       0.47      0.59      0.52        39
        face       0.50      0.46      0.48        37
        fall       0.66      0.50      0.57        38
        farm       0.50      0.57      0.53        40
        fast       0.42      0.39      0.41        36
        feet       0.88      0.62      0.73        37
        find       0.80      0.88      0.83        40
        fine       0.53      0.69      0.60        36
      finger       0.52      0.32      0.39        38
      finish       0.72      0.67      0.69        39
     fireman       0.82      0.68      0.74        40
       first       0.80      0.88      0.83        40
        fish       0.36      0.50      0.42        38
        flag       0.69      0.64      0.67        39
      flower       0.86      0.90      0.88        40
        food       0.72      0.85      0.78        39
         for       0.84      0.82      0.83        38
 frenchfries       0.85      0.87      0.86        38
        frog       0.91      0.80      0.85        40
     garbage       0.70      0.51      0.59        37
        gift       0.60      0.74      0.67        39
     giraffe       0.81      0.66      0.72        38
        girl       0.56      0.53      0.54        38
        give       0.42      0.23      0.30        35
 glasswindow       0.65      0.38      0.48        39
          go       0.53      0.21      0.30        39
       goose       0.68      0.44      0.53        39
     grandma       0.49      0.47      0.48        38
     grandpa       0.72      0.72      0.72        39
       grass       0.88      0.77      0.82        39
       green       0.69      0.66      0.68        38
         gum       0.86      0.92      0.89        39
        hair       0.72      0.82      0.77        38
       happy       0.50      0.61      0.55        38
         hat       0.72      0.82      0.77        34
        hate       0.69      0.56      0.62        36
        have       0.51      0.53      0.52        34
      haveto       0.58      0.74      0.65        35
        head       0.70      0.79      0.75        39
        hear       0.58      0.54      0.56        41
  helicopter       0.62      0.42      0.50        38
       hello       0.62      0.67      0.64        39
         hen       0.68      0.68      0.68        38
     hesheit       0.52      0.47      0.49        36
        hide       0.45      0.53      0.49        36
        high       0.87      0.89      0.88        37
        home       0.76      0.88      0.81        40
       horse       0.90      0.92      0.91        39
         hot       0.66      0.71      0.68        38
      hungry       0.72      0.74      0.73        38
    icecream       0.62      0.78      0.69        40
          if       0.82      0.76      0.79        37
        into       0.25      0.39      0.31        36
      jacket       0.40      0.24      0.30        34
       jeans       0.43      0.47      0.45        38
        jump       0.54      0.58      0.56        38
        kiss       0.62      0.45      0.52        40
       kitty       0.62      0.41      0.49        39
        lamp       0.73      0.65      0.69        37
       later       0.67      0.63      0.65        38
        like       0.58      0.68      0.63        38
        lion       0.78      0.72      0.75        39
        lips       0.26      0.28      0.27        40
      listen       0.48      0.48      0.48        42
        look       0.52      0.29      0.38        41
        loud       0.75      0.46      0.57        39
         mad       0.68      0.72      0.70        39
        make       0.61      0.62      0.62        40
         man       0.72      0.67      0.69        39
        many       0.70      0.79      0.74        38
        milk       0.60      0.66      0.62        38
      minemy       0.67      0.74      0.70        38
      mitten       0.78      0.55      0.65        38
         mom       0.59      0.65      0.62        40
        moon       0.84      0.82      0.83        38
     morning       0.70      0.81      0.75        37
       mouse       0.63      0.66      0.64        41
       mouth       0.25      0.18      0.21        39
         nap       0.75      0.23      0.35        39
      napkin       0.69      0.55      0.61        40
       night       0.38      0.50      0.43        34
          no       0.50      0.70      0.58        37
       noisy       0.53      0.58      0.55        36
        nose       0.44      0.71      0.55        38
         not       0.57      0.63      0.60        38
         now       0.88      0.76      0.81        37
        nuts       0.68      0.75      0.71        40
         old       0.76      0.67      0.71        39
          on       0.33      0.35      0.34        37
        open       0.43      0.46      0.44        35
      orange       0.84      0.79      0.82        39
     outside       0.57      0.77      0.65        39
        owie       0.69      0.69      0.69        36
         owl       0.82      0.80      0.81        40
     pajamas       0.71      0.38      0.50        39
         pen       0.36      0.35      0.35        40
      pencil       0.58      0.54      0.56        39
       penny       0.45      0.38      0.42        39
      person       0.56      0.32      0.41        31
         pig       0.75      0.65      0.70        37
       pizza       0.67      0.50      0.57        40
      please       0.66      0.66      0.66        38
      police       0.71      0.69      0.70        39
        pool       0.51      0.64      0.57        36
       potty       0.59      0.66      0.62        35
     pretend       0.70      0.53      0.60        40
      pretty       0.68      0.64      0.66        39
       puppy       0.43      0.36      0.39        36
      puzzle       0.38      0.35      0.36        34
       quiet       0.62      0.67      0.64        36
       radio       0.83      0.74      0.78        39
        rain       0.51      0.61      0.55        38
        read       0.51      0.58      0.55        36
         red       0.46      0.47      0.47        38
refrigerator       0.65      0.47      0.55        36
        ride       0.33      0.37      0.35        35
        room       0.44      0.59      0.51        37
         sad       0.80      0.82      0.81        39
        same       0.70      0.61      0.65        38
         say       0.46      0.45      0.45        38
    scissors       0.51      0.51      0.51        37
         see       0.60      0.85      0.70        39
        shhh       0.82      0.90      0.86        41
       shirt       0.74      0.71      0.72        35
        shoe       0.60      0.72      0.66        36
      shower       0.79      0.73      0.76        37
        sick       0.83      0.76      0.79        38
       sleep       0.51      0.58      0.54        38
      sleepy       0.50      0.47      0.49        40
       smile       0.70      0.55      0.62        38
       snack       0.65      0.39      0.49        38
        snow       0.74      0.67      0.70        39
      stairs       0.60      0.74      0.66        38
        stay       0.58      0.39      0.47        38
      sticky       0.61      0.57      0.59        35
       store       0.63      0.70      0.67        37
       story       0.50      0.57      0.53        37
       stuck       0.81      0.86      0.83        35
         sun       0.72      0.74      0.73        39
       table       0.52      0.68      0.59        34
        talk       0.60      0.64      0.62        39
       taste       0.67      0.67      0.67        39
    thankyou       0.59      0.72      0.65        36
        that       0.54      0.53      0.53        38
       there       0.43      0.25      0.32        36
       think       0.63      0.60      0.62        40
     thirsty       0.72      0.72      0.72        36
       tiger       0.89      0.79      0.84        39
        time       0.53      0.67      0.59        36
    tomorrow       0.71      0.69      0.70        39
      tongue       0.32      0.27      0.29        37
       tooth       0.33      0.31      0.32        39
  toothbrush       0.56      0.68      0.61        40
       touch       0.61      0.51      0.56        37
         toy       0.68      0.79      0.73        38
        tree       0.56      0.58      0.57        38
       uncle       0.67      0.85      0.75        41
   underwear       0.79      0.70      0.74        37
          up       0.69      0.74      0.72        39
      vacuum       0.33      0.42      0.37        31
        wait       0.52      0.69      0.59        35
        wake       0.42      0.50      0.45        40
       water       0.80      0.84      0.82        38
         wet       0.59      0.63      0.61        38
        weus       0.69      0.59      0.64        37
       where       0.67      0.76      0.71        37
       white       0.59      0.62      0.61        37
         who       0.71      0.75      0.73        40
         why       0.72      0.64      0.68        36
        will       0.55      0.43      0.48        37
        wolf       0.67      0.74      0.71        39
      yellow       0.75      0.87      0.80        38
         yes       0.51      0.59      0.55        39
   yesterday       0.73      0.80      0.76        40
    yourself       0.57      0.71      0.64        38
       yucky       0.57      0.45      0.50        38
       zebra       0.62      0.57      0.59        37
      zipper       0.37      0.47      0.41        30

    accuracy                           0.62      9448
   macro avg       0.62      0.62      0.62      9448
weighted avg       0.63      0.62      0.62      9448
